==============================================================================
IJ re-examination: raw IJ vs bias-corrected IJ-U vs delta (n_reps=40, 5 null test pts/cell)
==============================================================================
    n     B |  FPR_raw  rat_raw |  FPR_IJU  rat_IJU | FPR_delt rat_delt
------------------------------------------------------------------------------
  200    50 |   0.0000    4.703 |   0.3850    0.851 |   0.0150    1.139
  200   200 |   0.0000    2.562 |   0.3400    0.671 |   0.0400    1.096
  200  1000 |   0.0000    1.370 |   0.1500    0.763 |   0.0250    1.102
------------------------------------------------------------------------------
  400    50 |   0.0000    6.631 |   0.3350    1.094 |   0.0600    0.932
  400   200 |   0.0000    3.490 |   0.4100    0.614 |   0.0950    0.865
  400  1000 |   0.0000    1.669 |   0.3250    0.589 |   0.1050    0.851
------------------------------------------------------------------------------
  800    50 |   0.0000   10.871 |   0.3500    1.458 |   0.0450    0.995
  800   200 |   0.0000    6.431 |   0.4500    0.770 |   0.0500    0.990
